
-2 .3125
3  .833
3  .417
3  .417
3  .208
-2 .3125
0  .15625
2  .15625
3  .625
3  .4625

-100 .3125

6  .3125
3  .3125
5  .15625
6  .15625
10 .625
10 .625
6  .416
6  .207
3  .417
6  .208
10 .417
6  .208
5  .625
5  1.25
12 .625
10 .625
5  .625
6 .625
10 .3125
6  .3125

-100 .3125

10 .3125
6  .417
5  .104
6  .104
3  .625
6  .625

-100 .3125

-2 .417
0  .208
3  .3125
3  .3125
6  .417
6  .208
10 .3125
10 .3125
5  .417
5  .104
5  .104
0  .625
5  .833
-2 .417
3  .833
3  .417
6  .833
6  .417
10 .833
3  .417
6  .208
10 .3125
10 .3125
12 .625
10 .625
6  .417
3  .208
10 .208
10 .208
10 .208
6  .3125

-100 .3125

3  .3125

-100 .3125

-2 .625
3  .625
6  .417
3  .208
10 .208
10 .208
10 .208
6  .3125

-100 .3125

3  .3125

-100 .3125

-2 .625
3  .625
-2 .625
3  .625
-2 .625
3  .625
3  .625
-100 .625