9.049270472149014E-4
30531.52437370431
9606.183245460086
0.09244177590489536
5.960046263365089E-4
320.80631292551334
9.314307367540529
468306.61817342567
40.200721976580645
0.0011245660349057918
44.16968462148962
11015.484014640442
3040.7510885723955
4851.874658164659
731.6899738776792
0.2881650011304193
0.7282210712058231
0.007683460078703192
29.854550697718295
94.00196445649348
6.807186157915618
0.3575646103256245
883.9977105273481
0.08009970308058292
5.496624929919845E-4
0.0061776567852881315
6484.567222791756
0.6667474920577936
6817.9608316348595
16.68424659973926
863.4570734021503
265.2616612843093
224282.52224016632
8095.475976247751
70450.92745887168
0.006325619518132834
766.4431009989192
6.411201794342068
97.63852659485663
13.66483551573231
40.99025446536893
9018.307090290878
0.08528693076451654
54.42298369091817
4.599472710665822
9.204414525679903
0.09630054002139293
0.07747727633098056
552.1698133944996
4.607136763393772E-4
0.04058725954476337
236397.33287571018
0.056438874940872
582.8261943329925
5259.193091402096
88.81534829360186
0.028510052255234897
1969.0326307678608
0.5308880487285776
423.20741682924313
3.7408607612881406E-4
2835.83107144142
0.28436168947541074
2.1747005024679087
88240.44962162929
0.07326914253317769
0.854962540869126
938198.5597261754
0.053880535388186226
0.05079038265791072
0.0654235567851994
95.71023690338197
2595.9065123289947
906.9280861967815
2452.4688189279577
9624.846893852067
588.9576818999121
0.009367379958658715
153928.88886665733
4.149511355067781
0.0026854135171420993
73.38933289696614
26520.315660442982
0.741216302519336
4.5137676182565337E-4
925.9499382775
635912.4561294662
4105.398032956123
92744.49129541729
5.740746003599169E-4
8065.9315120287665
288322.97164672124
765.8778024986512
0.005987562941347422
9.44119054918983
91139.74702198392
0.3186150815088279
7578.49721300643
39724.8248347021
57953.69712089278
502.597567232031
51445.047099568765
4.971038682021035
40772.32903218718
7238.538641340419
0.026998288920049265
6.846203361897488E-4
733698.1942599149
3.80115630634838
1723.7572369280363
29698.61040622147
52.53320311847636
0.07418952806528055
4.359329016836842
0.005951142007664262
6823.404714844711
0.005843571504538778
0.005742609672015265
864171.946294382
3768.8079888611137
2701.354198260919
3.6712387310313055
6692.009323513121
827558.7635548756
288276.53603684675
13.972925500824907
597858.6419030513
0.0015137722116076258
0.031189708332056032
16097.23616343306
72.31280026732267
188.15808364255582
47.23225722102985
68016.8811495928
6.231994156910292E-4
0.004419686342869084
8160.041801041537
0.37180717084459214
0.007815192161695378
534083.293267969
545.6848719125751
2.078529623979748E-4
6.989727664263889E-4
8.120126685763353E-4
0.007047000454639123
2.713522639383159E-4
4.4798403167160625
9130.285578773046
0.02683212925032539
321346.6251194573
0.00464225048993686
9.942913561128808
991.7498448480055
0.7188786146952064
435.2040883586665
7419.384890010589
4.737668894438175E-4
204193.91267775287
0.8931049047242607
95.9332986259943
1371.438362444093
2.877537080263173E-4
53.30288935269112
0.009452644900979683
9.272398266645022E-5
0.07368873057480672
88671.1118213026
144948.65984546024
0.005843267110784937
0.5462790959792865
847461.8314317276
3536.9619002129093
977.433462290834
22.211780421795357
1.372046087465819E-4
0.02680565310526062
0.04967109262163158
631.2681824997807
0.0036624221714042027
4.869287535675304
0.02682741564532709
0.02233064084281199
0.0044918156821587875
850215.2567864602
433594.281346823
39.49504700556206
0.700209020003961
0.5242949566527307
0.0011246294893265962
1641.6922648942677
526.0273696783469
2.3102875045010983E-4
0.7214094431476646
389235.06436641107
500.4454744368034
2.3793026373479087
30.523722589188317
1.550499094293346
6.526521631838088
3896.7654139417605
2.683297293496885E-4
92.49452665871979
5120.525600759651
401890.26202339685
9.028839246222542
64881.795128015816
0.015767406239794002
0.623488866093453
4.296560166654375E-4
994.334536156606
538619.6044426085
1.6213187032092147
0.7582507027871161
2550.020930323148
0.7479838281437328
0.005172974804617
0.4239849886484811
5568.835188356532
0.049518598213772726
0.0011551997610441155
408.3581107820369
383489.6660351866
397690.5312176675
0.00392318823223744
800.1585670213914
688.3784603122082
92.00377838912976
315.3511147292212
0.005042396622945574
114993.2334251087
3247.154301111529
0.04933182426156129
4.549946531322321
9.327080420541179E-4
0.5749953437269585
0.26515834979641895
0.4156311440961602
83255.08725307099
5.217669025124787
414055.56208418193
701.7990975831751
0.00480318071327615
0.09563982909605401
4.0079749624499765
89.2033188228647
9663.076081506071
0.03616566736199533
0.26101194773343206
0.008896588756795028
3.015059978520873
0.04427189649383795
0.0056081452970669615
1.355752457146151
35157.8168066807
7703.039269226708
0.005539789125280282
0.07351655065538087
0.0354251880232434
0.0011795726842666787
94509.43087833023
693300.5113588506
70019.1068244395
32.5520797752952
0.8734425541968004
23502.60619293082
746.8891790277843
0.07708167137826634
6.179045378424486E-4
7.612523394807898
6.851137520460304
78157.89143343327
0.022496433205483057
0.05541895925200801
72.74334635901401
569661.6246548732
1.6253656818898954
544.9338028320974
138.35908893505177
51955.745571167856
0.0017022261575951325
0.023177580619591066
0.8756294070412383
0.9132556794767153
665.9386165697232
0.007946165503511113
86.21732252166113
42.34720932640725
6.750509219968332E-4
0.03625193873014889
1.5827924132086213
0.9572817296984371
6934.8719744648515
6.414309415181874E-4
0.05535044366395514
68218.55832102806
70427.11315478054
35.91016522949681
0.003478524264374413
3.166427809985802E-4
84.89199275776336
2.342372412451088
3417.5345224559983
1.7099272499312312
5.533890666296542E-4
4.26912523567535
0.0030437639235990875
0.044354429393718524
8479.42513316598
67727.83893886184
4.3980494399208016E-4
835626.0768796246
9.185712954777973
58.95938282926516
620.6086888269421
1.813577071931879E-4
0.6534613945898678
0.7686136817864058
408.34029390684503
81044.46405743236
2049.0324612502054
7653.637062381366
0.0013049047601836295
0.9942651759354265
461.17477791804316
3.9333981213733E-5
533.4315121155635
3.84534714815267
0.5729284282121678
3.9412225320095354E-4
0.07808809761090853
3.7268568178945305
0.09286141235989279
593.5579441706421
0.08174165367093603
70199.37626866499
2.234689937983446
11.533861613154395
3.665734594003174E-4
91.44821791240211
5.166052745033294E-4
249.2096881828363
83055.72918829152
464634.9169379411
420.72761481889285
0.09967191152646122
628592.3105426024
58.19503066484726
8.190109946508881E-4
479.57765374707515
690969.5729312391
0.0021436614920514276
7536.705207289459
8.136567434336492
215771.39091753273
63458.791181238405
0.03807545077840018
6.556545640635375E-4
0.03703577609567368
54135.05984863032
1.3569171868430352
879.4618563046794
9.613719529882548
7376.463193300456
50.41245351287474
8.925887743592143E-4
662999.3227974407
717948.2600369657
425.5868683227182
0.9263741950902645
3124.3227124448035
746.4624870130052
54336.146726434985
3.7693733745851232
0.004805341853690171
258.438922926839
0.48863905642472816
53.73559511711194
0.03987721084346601
66.65725331984174
18752.470735410054
0.5446488519582151
2750.259517666076
9045.262295978226
24140.872233766742
6.28666431418884E-4
930113.808789387
2.89606494212162E-4
231641.5061126924
4.932294846247149
322805.80113132665
0.005366231628971898
0.007742411808315522
4.83217631316057
732.8580030145438
0.004964453427769189
33.613674461758606
0.2446388946048922
62159.777035710984
0.005109186551121238
4.574780722007262
834711.2448643147
0.004395913279021814
2.8727366194153614E-4
2.7454419395563144E-4
4.889878440818825E-4
0.9009253505826901
0.009222254903689626
0.048778087615782555
50255.68207085686
0.049363344459044646
0.0359627239459704
1.6949891642881687
9.323470942137458
0.002457990333902499
29.26094929465689
557.6416973512332
7.7571355049408375
1686.5501993795995
5.32603777394862
217010.9796824996
945337.5031672318
8336.854549112637
0.18579984504163616
25.19097696999687
0.015845985195734946
0.004083969522621067
7190.684923720887
3990.2038689856968
0.0012501259191413318
0.28475762374946845
247380.80965740926
0.02107623480801926
639077.4098824338
60.117016488656674
6247.5543095593075
0.006842331858006451
482454.5989084792
0.012542635938083125
0.0017076462764782409
0.0993406245127994
0.054647233517027965
1.9520511054629697
0.001146310161708648
2.1723901724161833E-4
11.882160103975114
865.1530825915485
0.8894562616996737
0.7082235169752121
929710.6774653555
0.0010298017059340438
2.550388687600127
0.9959096786904602
95.19491971279567
1.865437865907186E-4
8.920356354024056
36.993325523288725
2.994819411323162
7145.3016278763325
0.5316257169176
5370.791720048594
9314.036302237577
7.48724255852918
0.9705806762764791
996.9120965787217
118485.95034365993
86.20191972176137
0.0074304875957360295
3050.4781004279666
87924.79517545996
0.10399665935054747
0.008846587925606919
446796.09369579784
84260.12180109958
16.130936500611583
7.046426716374998E-5
4.811095588230483E-4
24.410095145665668
0.22777716799866143
0.045875927316735565
49.036374639687395
1283.4289568697034
0.03552675247756789
8.22797129312231E-4
3.395059791743117E-4
0.0015597709568677277
16.181502099537592
8.024430039111701
0.006237002748906465
898050.4564907129
6.665107095658356
357792.08703459706
12080.093778937706
2.8190804780911174
27.069281008985378
0.007567841349842506
0.011864321714636472
1884.8580228763656
15496.986144882352
67884.59565568523
0.5116818432621171
98234.50926536767
61.16078104145164
266592.9672900571
0.008115092236969275
0.0024004039471951333
8181.191195529458
207.62109061989887
0.04657841027722423
2.68343128148374E-4
91743.49613785077
1.7842013959261293E-4
130102.14673800957
3.6935263167497E-4
1.3664317355986089E-4
232.4402039292056
787.3397866206049
59.5255908252712
6930.7065570680525
9.643419749199785E-4
0.08590022819621873
0.06996551206962758
0.002799397517125069
5324.624211886669
0.07031075535329191
2.428309186980764
9.250580593312943
871527.1724864966
0.014313691959025487
0.05741154825795103
0.9370845043741732
6776.405253669138
92.25838739848021
3.204012682774615E-4
90.44936715611634
0.9975846886716184
2.2963228655611823E-4
41973.48740750526
33487.18936757942
0.0050445941364665285
6.864953652836208
1280.8553282912383
663214.9094657816
79.16929337151765
44794.641045868986
41258.68876940341
662378.7221201754
0.0026745603672851982
30.357263328791383
1.801409824958965E-4
52.32693199670906
4815.100680622713
0.009282835832836168
35975.8821892382
374302.44798294076
966520.2626959007
0.6756050023662037
4.749313595961691
0.00259664592627058
92586.57485350563
558.2898064966549
0.38263337306431255
84590.64356478416
349.97725403658654
3.1077690100499546E-4
0.0036219403044962495
0.3764002150458071
0.003932340039564585
678029.7017964255
0.5072786782220906
0.6431919731681915
9.345093313817054E-4
32.528512075500224
89.24949271044517
9.957801673733895
7.65987366885703E-4
0.132444926457852
0.8301882168295938
656351.7051962668
65450.87970275067
0.9332376116172713
2.0706146418644655E-4
861.0068869032006
67.04323285208666
0.034689127264864394
60004.7524760745
5.965042354115116E-4
0.030308790999087655
92.483334448263
1399.6987083046808
95205.65996045864
0.3262584109698019
4.2896374703674847E-4
4.268071089516967
355709.95060161204
82770.22305370559
6328.235759005817
0.005564846958120556
2.1483568331851446
559.9734563755452
62.45937841647561
94.6410671927325
0.07302682079574713
41743.10566364459
8.872541799015233
91.96175074426961
9.03618517101724
0.006486082285075355
0.8004346785338526
4.540852817494057E-6
7.295639712924462E-5
21968.89096112329
0.04584893970495716
1.5746710848457235E-4
0.3676646654206972
216551.31259245842
9.493253430329499E-4
0.003646804199986865
9.145858806029999
7.377644689464402E-4
4.885167101533574E-4
0.331340766895891
46.57280571991216
96.26534766225134
53.23595938868741
21412.428076949076
0.04337502636553084
9.202127985400711E-4
0.004105331372074287
60.46569019910455
57.32052243453501
0.5513181154077144
68449.46323388204
220.77280115460164
9.766401176139125
0.38584906670974106
856.8125019800084
12628.831134843254
0.004892925691700011
0.02230052523919142
845.2956361248612
6.407060707588863E-4
4.250500028940023E-4
4.476315950628751E-5
5485.425594181325
5.327298973457624E-4
0.0015916832431987261
3.3051713285676233E-4
5454.885753011408
976539.7459708642
5337.0241505859985
0.854935743080385
2.1181332254471052E-4
0.009559398511483668
7063.72588558335
3.0106468580727395
61864.90037526734
6865.620468325095
19651.360564000388
2.707075578836072E-4
3872.113438298227
0.5877234511384988
64763.73601682218
524115.59214649274
27.643022625034142
4446.518405201483
76.14072147165263
0.053101791280199255
35392.90685947611
57.6083846562511
6.25689532113924
66502.32513340886
9011.963346974662
4.509781616137401
0.009681018057401592
6234.245136325104
947480.0087798566
474.66372255900325
771.2199486029103
0.09044373841363706
576936.5610241502
0.029348101269235094
3004.2729204509856
0.04239044098355915
0.4035654758320971
2760.550465093592
0.006781335752666982
60.34955189590745
8584.607753660379
86.01331844854965
56.596708270265175
0.5124363799386867
1.8391063196832291
1894.5957921998936
4.920810437315948E-4
894795.9801611148
2.7887633069316884
8019.835500657723
692.1464571379626
0.016436434580892147
7.903819959219348E-4
0.7721669383670934
0.06122713843146971
6.9915201327085015
0.9534608252557453
4.698152760896579E-4
34.33775794225124
1.7542210675619452
0.06738612750163309
9217.743415089575
0.5065660437026922
6.681271737647358E-4
0.07731277700001266
8.645827489745551E-4
359.00246901692367
0.009152598452312108
0.49254955801741174
0.03959305524098266
139854.04605243512
0.05523520166612618
0.07078944975183228
0.09811361054699452
925.808818332777
0.004249504229762026
0.9556799144197458
1421.6407633155513
0.05157086178882613
0.004956219453691504
6863.365628441651
2.4605183552231735E-4
113.82724801413313
532.6789036425354
5.260084383176454E-4
676941.8534096163
831324.7925083011
7.547763613508388E-4
5850.445198934241
348.75113854582963
27.54095305521842
1341.179135519488
7.077135944017752E-4
76550.94074439476
0.007457385079898541
0.0034535918165647704
80.7673498566029
86396.71150713935
80758.82963230963
9.770682196861447E-4
6.837260290429556E-4
902512.2042354711
0.026132681881421472
0.011306028474418384
9603.887294675229
0.6824049159944059
777717.886772913
90352.13263257925
0.004781478220850311
93.39821201770926
7.1858936267197855
7309.386072928772
26.559238527828622
6.5573877857764815
91239.64367059109
0.009743659116967882
5.2495467074002E-4
4.366017161375599
40421.11197017349
122.42616930136452
213.93161211066547
740982.6514749044
4496.693123362727
2780.0509889034042
1.799749994548253E-4
0.006508484842778217
0.027240648651388477
0.8101135415637519
9.545878328103874E-4
0.3591977661143919
354.51365923392297
92.71344466305894
6144.894436088386
53720.20254058447
2.7954434462461974
690.3164500473674
92.38473445540049
1.395593128920185
39.76042762313593
4.954515296846718E-5
6.521073485900706E-4
40699.12062557016
0.8320547267970917
0.007334236736353922
0.021195306918134017
0.009917745479353436
5973.608525443849
7569.339390627528
1.1926022159631677
4237.190886551647
847.6164926939026
1100.2628738826381
0.016823764252744202
2292.8236645824727
0.5252761732259702
51522.0175157216
4.703045035279946E-4
9.108530349792364E-4
0.09296262597100775
2.4282796075120663
74.45377458965096
0.0024323393292437177
974.5258070433039
909.2522425763412
0.010918429286900122
59435.60265390944
154948.80505335573
28433.658637937355
76889.56791907198
0.22725467349314077
4.918590160077133
45848.44461436931
46.30963314730354
0.7903392431058202
9.74948395179419
0.05203373364381454
8.05505732068551E-4
4529.874891873255
2.7277080460106786
82704.3207322345
1.2843691327806561
3.9349589668328643E-4
72.98016311779202
0.19914660248620486
6.33033280055277
596417.2121339
91.99553247655015
622.1313505616663
8957.078611985653
1663.1640148659133
276.09138542622327
2.866476161535095E-4
6.210930016705966E-4
61497.63570322472
5.650405397989083E-4
4945.408287897401
34402.57093381114
0.8290845895533938
22768.21051823317
647.106893797393
725099.9397177217
675432.0113875262
0.8536039757928553
0.024442626308059948
334317.0166318551
450655.3370666018
30987.625214901036
0.14977227254659997
673.6533079964003
63255.40805760369
0.029346997039484724
7791.609680729538
589060.8495429978
64001.347472854184
326852.0791747761
20125.203854434938
4.484794678740255E-4
5585.6479088503365
4662.879346072042
845239.2743072049
0.07603124286701335
0.0038613825724417407
0.0242382587629563
2.0367524424797923
5.969762072814664E-4
0.00823369368570602
0.006023920523056442
6.122612022035008E-4
0.04860080361230112
61.350246813260476
0.08738358368184183
4386.335053578126
65.72783677383718
0.022556796198882414
18.942097102608415
262178.0843250603
93.45512954254214
0.00251219437848622
0.0069945638936639
8.769037483840231
0.41592460989042224
0.06742489483612633
921345.5826221629
1994.0605182832817
0.00337680429064438
0.015248256654896887
278.9280192344772
0.004139524825462074
766.0775058539224
921.5633047998035
6.796111952660921E-4
93672.07807502241
0.11617112084205017
5.276524323430939E-4
78721.78239276737
3122.1096816762774
910312.8210967976
0.08460803788669685
79808.30165477055
0.015693359499003492
36649.634802956025
9297.886269774446
16170.131621201255
3.8319262169232596E-4
0.8016900310109739
786924.8426048856
923.2072074788852
0.004503486801167882
40407.759820749576
0.08676284010378336
0.36256908393647513
310239.5161090179
3.231042137371769E-4
428.69488218695653
9.815782880616363
0.02280015793654643
0.02037372760251658
7.714932511138829E-4
246.5143697592581
777252.9041845887
0.07049190286695022
0.007371616455439786
0.03560179384375223
3106.7905377842976
8967.42405238761
5237.812595517885
553702.2189789055
7380.529414124963
68088.11010147248
4.4575002992110075
7550.345747036527
693.7200755240958
628805.5389708035
0.3423873165645184
5.080195472697956E-4
0.004255804518689514
0.8823154920313832
5928.006081999413
5572.141029117347
9875.980661515112
1092.0991649919777
9.440459438577445
5.306068361271404E-4
0.005678698289823466
9.70602560422439E-4
609612.7908434113
5.188921703914734
0.03428447663843426
5.584821827074224
34.526506227882706
5.666707482163394E-4
29.803266920296444
0.7936013715840184
4592.693203207957
345.10745991290946
1.9939350806721279
6186.8039750449925
0.0964041244682958
0.005255781171121056
0.3806460320216446
5.66362186885888E-4
0.0032624204585902385
6238.363023591721
84.0108174094143
0.2861847047196915
52235.582071711004
33423.12443721361
88736.31840553704
0.7510064507295588
356778.8369591015
623508.5706567465
44888.75785524403
807103.0972518884
0.0024945266053624025
1037.243921866209
0.004337175014372364
906.1459390382074
95.00717176340885
0.004538048326115131
9.729554454417248E-4
971.2249534963805
88589.69296465888
909.2814790541692
0.08651485731512726
698.1507145189894
1.0020648213894412E-4
8.973465089185051
809.5698193476333
99.25447519387531
0.9884151799545253
6.834751349463449
0.002594331840359675
41.858998922038396
